1 5 -1 -1 
1 5 47 -1 -1 -1 
1 5 -1 6 -1 -1 
1 5 47 -1 -1 6 -1 -1 
1 3 -1 5 -1 -1 
1 3 -1 5 47 -1 -1 -1 
1 3 -1 5 -1 6 -1 -1 
1 3 -1 5 47 -1 -1 6 -1 -1 
1 5 69 -1 -1 -1 
1 5 47 -1 69 -1 -1 -1 
1 5 69 -1 -1 6 -1 -1 
1 3 -1 5 69 -1 -1 -1 
1 5 6 -1 -1 -1 
1 5 6 -1 47 -1 -1 -1 
1 5 6 -1 -1 6 -1 -1 
1 5 6 -1 47 -1 -1 6 -1 -1 
1 3 -1 5 6 -1 -1 -1 
1 5 69 358 -1 -1 -1 -1 
1 5 69 357 -1 358 -1 -1 -1 -1 
1 5 47 -1 69 357 -1 358 -1 -1 -1 -1 
1 5 69 357 -1 358 -1 -1 -1 6 -1 -1 
1 3 -1 5 69 357 -1 358 -1 -1 -1 -1 
1 5 71 -1 -1 -1 
1 5 47 -1 71 -1 -1 -1 
1 3 -1 5 71 -1 -1 -1 
1 5 69 -1 71 -1 -1 -1 
1 5 6 -1 71 -1 -1 -1 
1 5 69 357 -1 358 -1 -1 71 -1 -1 -1 
1 5 77 -1 -1 -1 
1 5 47 -1 77 -1 -1 -1 
1 5 77 -1 -1 6 -1 -1 
1 5 47 -1 77 -1 -1 6 -1 -1 
1 3 -1 5 77 -1 -1 -1 
1 5 6 -1 77 -1 -1 -1 
1 5 71 -1 77 -1 -1 -1 
1 5 69 357 -1 358 -1 -1 71 -1 77 -1 -1 -1 
1 5 72 -1 -1 -1 
1 5 47 -1 72 -1 -1 -1 
1 5 72 -1 -1 6 -1 -1 
1 3 -1 5 72 -1 -1 -1 
1 5 69 -1 72 -1 -1 -1 
1 5 47 -1 69 -1 72 -1 -1 -1 
1 5 6 -1 72 -1 -1 -1 
1 5 6 -1 47 -1 72 -1 -1 -1 
1 5 69 357 -1 358 -1 -1 72 -1 -1 -1 
1 5 47 -1 69 357 -1 358 -1 -1 72 -1 -1 -1 
1 5 71 -1 72 -1 -1 -1 
1 5 72 -1 77 -1 -1 -1 
1 5 71 -1 72 -1 77 -1 -1 -1 
1 5 73 -1 -1 -1 
1 5 47 -1 73 -1 -1 -1 
1 5 73 -1 -1 6 -1 -1 
1 3 -1 5 73 -1 -1 -1 
1 3 -1 5 47 -1 73 -1 -1 -1 
1 5 69 -1 73 -1 -1 -1 
1 5 47 -1 69 -1 73 -1 -1 -1 
1 5 6 -1 73 -1 -1 -1 
1 5 6 -1 47 -1 73 -1 -1 -1 
1 3 -1 5 6 -1 73 -1 -1 -1 
1 5 69 357 -1 358 -1 -1 73 -1 -1 -1 
1 5 47 -1 69 357 -1 358 -1 -1 73 -1 -1 -1 
1 5 73 -1 77 -1 -1 -1 
1 5 72 -1 73 -1 -1 -1 
1 5 47 -1 72 -1 73 -1 -1 -1 
1 5 76 -1 -1 -1 
1 5 47 -1 76 -1 -1 -1 
1 5 6 -1 76 -1 -1 -1 
1 5 71 -1 76 -1 -1 -1 
1 5 76 -1 77 -1 -1 -1 
1 5 72 -1 76 -1 -1 -1 
1 5 73 -1 76 -1 -1 -1 
1 4 -1 5 -1 -1 
1 4 -1 5 47 -1 -1 -1 
1 4 -1 5 -1 6 -1 -1 
1 3 -1 4 -1 5 -1 -1 
1 3 -1 4 -1 5 -1 6 -1 -1 
1 4 -1 5 6 -1 -1 -1 
1 4 -1 5 71 -1 -1 -1 
1 5 -1 7 -1 -1 
1 5 -1 6 -1 7 -1 -1 
1 5 6 -1 -1 7 -1 -1 
1 5 71 -1 -1 7 -1 -1 
1 5 77 -1 -1 7 -1 -1 
1 5 6 -1 77 -1 -1 7 -1 -1 
1 4 -1 5 -1 7 -1 -1 
1 3 -1 4 -1 5 -1 7 -1 -1 
1 5 69 357 913 2036 -1 -1 -1 358 -1 -1 -1 -1 
1 5 47 -1 69 357 913 2036 -1 -1 -1 358 -1 -1 -1 -1 
1 3 -1 5 69 357 913 2036 -1 -1 -1 358 -1 -1 -1 -1 
1 5 69 357 913 2036 -1 -1 -1 358 -1 -1 71 -1 -1 -1 
1 5 47 -1 69 357 913 2036 -1 -1 -1 358 -1 -1 72 -1 -1 -1 
1 5 69 357 913 2036 -1 -1 -1 358 -1 -1 73 -1 -1 -1 
1 5 7 -1 -1 -1 
1 5 7 -1 47 -1 -1 -1 
1 5 6 -1 7 -1 -1 -1 
1 5 7 -1 -1 7 -1 -1 
1 5 357 -1 358 -1 -1 -1 
1 5 69 -1 357 -1 358 -1 -1 -1 
1 5 47 -1 69 -1 357 -1 358 -1 -1 -1 
1 3 -1 5 69 -1 357 -1 358 -1 -1 -1 
1 3 5 -1 -1 5 -1 -1 
1 3 5 -1 -1 5 47 -1 -1 -1 
1 5 75 -1 -1 -1 
1 5 47 -1 75 -1 -1 -1 
1 3 -1 5 75 -1 -1 -1 
1 5 73 -1 75 -1 -1 -1 
1 4 -1 5 75 -1 -1 -1 
1 5 74 -1 -1 -1 
1 5 47 -1 74 -1 -1 -1 
1 5 74 -1 -1 6 -1 -1 
1 5 6 -1 74 -1 -1 -1 
1 5 71 -1 74 -1 -1 -1 
1 5 71 -1 74 -1 77 -1 -1 -1 
1 5 72 -1 74 -1 -1 -1 
1 5 73 -1 74 -1 -1 -1 
1 5 47 -1 73 -1 74 -1 -1 -1 
1 5 72 -1 73 -1 74 -1 -1 -1 
1 5 74 -1 -1 7 -1 -1 
1 5 7 -1 74 -1 -1 -1 
1 2 -1 5 -1 -1 
1 2 -1 5 47 -1 -1 -1 
1 2 -1 5 -1 6 -1 -1 
1 2 -1 3 -1 5 -1 -1 
1 2 -1 3 -1 5 -1 6 -1 -1 
1 2 -1 5 69 -1 -1 -1 
1 2 -1 4 -1 5 -1 -1 
1 2 -1 4 -1 5 -1 6 -1 -1 
1 2 -1 3 -1 4 -1 5 -1 -1 
1 2 -1 5 -1 7 -1 -1 
1 5 69 357 911 -1 -1 358 -1 -1 -1 -1 
1 5 69 357 911 -1 -1 358 -1 -1 71 -1 -1 -1 
1 5 69 357 911 -1 913 2036 -1 -1 -1 358 -1 -1 -1 -1 
1 5 47 -1 69 357 911 -1 913 2036 -1 -1 -1 358 -1 -1 -1 -1 
1 5 69 357 911 -1 913 2036 -1 -1 -1 358 -1 -1 -1 6 -1 -1 
1 5 47 -1 69 357 911 -1 913 2036 -1 -1 -1 358 -1 -1 -1 6 -1 -1 
1 5 69 357 911 -1 -1 358 -1 -1 75 -1 -1 -1 
1 5 -1 8 -1 -1 
1 5 47 -1 -1 8 -1 -1 
1 3 -1 5 -1 8 -1 -1 
1 5 69 -1 -1 8 -1 -1 
1 4 -1 5 -1 8 -1 -1 
1 5 -1 6 -1 7 -1 8 -1 -1 
1 2 -1 5 -1 8 -1 -1 
1 2 -1 3 -1 5 -1 8 -1 -1 
1 2 -1 4 -1 5 -1 8 -1 -1 
1 2 -1 5 -1 6 -1 7 -1 8 -1 -1 
1 5 70 -1 -1 -1 
1 5 47 -1 70 -1 -1 -1 
1 5 69 357 -1 358 -1 -1 70 -1 -1 -1 
1 5 70 -1 71 -1 -1 -1 
1 5 70 -1 72 -1 -1 -1 
1 5 70 -1 73 -1 -1 -1 
1 5 69 357 913 2036 -1 -1 -1 358 -1 -1 70 -1 -1 -1 
1 5 11 -1 -1 -1 
1 5 11 -1 -1 6 -1 -1 
1 5 6 -1 11 -1 -1 -1 
1 5 11 -1 71 -1 -1 -1 
1 3 47 -1 -1 5 -1 -1 
1 3 47 -1 -1 5 47 -1 -1 -1 
1 3 47 -1 -1 5 69 -1 -1 -1 
1 3 47 -1 -1 5 72 -1 -1 -1 
1 5 -1 6 74 -1 -1 -1 
1 5 47 -1 -1 6 74 -1 -1 -1 
1 5 69 357 911 2034 -1 -1 -1 358 -1 -1 -1 -1 
1 5 69 357 911 2034 -1 -1 913 2036 -1 -1 -1 358 -1 -1 -1 -1 
1 5 47 -1 69 357 911 2034 -1 -1 913 2036 -1 -1 -1 358 -1 -1 -1 -1 
1 5 69 357 910 2033 -1 -1 -1 358 -1 -1 -1 -1 
1 5 69 357 910 2033 -1 -1 913 2036 -1 -1 -1 358 -1 -1 -1 -1 
1 5 47 -1 69 357 910 2033 -1 -1 913 2036 -1 -1 -1 358 -1 -1 -1 -1 
1 5 69 357 910 2033 -1 -1 911 -1 -1 358 -1 -1 -1 -1 
1 5 69 357 909 2032 -1 -1 -1 358 -1 -1 -1 -1 
1 5 69 357 909 2032 -1 -1 913 2036 -1 -1 -1 358 -1 -1 -1 -1 
1 5 69 357 909 2032 -1 -1 911 -1 -1 358 -1 -1 -1 -1 
1 5 69 357 909 2032 -1 -1 911 -1 913 2036 -1 -1 -1 358 -1 -1 -1 -1 
1 5 69 357 909 2032 -1 -1 911 2034 -1 -1 -1 358 -1 -1 -1 -1 
1 5 69 357 909 2032 -1 -1 911 2034 -1 -1 913 2036 -1 -1 -1 358 -1 -1 -1 -1 
1 5 69 357 909 2032 -1 -1 910 2033 -1 -1 -1 358 -1 -1 -1 -1 
1 5 69 357 909 2032 -1 -1 910 2033 -1 -1 913 2036 -1 -1 -1 358 -1 -1 -1 -1 
1 5 47 -1 69 357 909 2032 -1 -1 910 2033 -1 -1 913 2036 -1 -1 -1 358 -1 -1 -1 -1 
1 5 69 357 909 2032 -1 -1 910 2033 -1 -1 911 -1 -1 358 -1 -1 -1 -1 
1 5 69 357 909 2032 -1 -1 910 2033 -1 -1 911 -1 913 2036 -1 -1 -1 358 -1 -1 -1 -1 
1 5 47 -1 69 357 909 2032 -1 -1 910 2033 -1 -1 911 -1 913 2036 -1 -1 -1 358 -1 -1 -1 -1 
1 5 69 357 909 2032 -1 -1 910 2033 -1 -1 911 2034 -1 -1 913 2036 -1 -1 -1 358 -1 -1 -1 -1 
1 5 47 75 -1 -1 -1 -1 
1 5 -1 6 85 -1 -1 -1 
1 5 47 -1 -1 6 85 -1 -1 -1 
1 5 357 913 -1 2036 -1 -1 358 -1 -1 -1 
1 5 69 -1 357 913 -1 2036 -1 -1 358 -1 -1 -1 
1 5 69 -1 72 -1 357 913 -1 2036 -1 -1 358 -1 -1 -1 
1 3 46 -1 -1 5 -1 -1 
1 3 46 -1 -1 5 47 -1 -1 -1 
1 3 5 -1 46 -1 -1 5 -1 -1 
1 5 76 77 -1 -1 -1 -1 
1 5 6 -1 76 77 -1 -1 -1 -1 
1 5 71 -1 76 77 -1 -1 -1 -1 
1 5 78 -1 -1 -1 
1 5 77 -1 78 -1 -1 -1 
1 5 76 -1 78 -1 -1 -1 
1 5 71 -1 76 -1 78 -1 -1 -1 
1 5 70 -1 71 -1 76 -1 78 -1 -1 -1 
1 3 62 -1 -1 5 47 -1 -1 -1 
1 5 -1 6 536 -1 -1 -1 
1 3 -1 5 -1 6 536 -1 -1 -1 
1 5 77 -1 -1 6 536 -1 -1 -1 
1 5 -1 6 83 -1 -1 -1 
1 5 47 -1 -1 6 83 -1 -1 -1 
1 5 357 911 -1 -1 358 -1 -1 -1 
1 5 69 -1 357 911 -1 -1 358 -1 -1 -1 
1 5 357 911 -1 913 -1 2036 -1 -1 358 -1 -1 -1 
1 5 69 -1 357 911 -1 913 -1 2036 -1 -1 358 -1 -1 -1 
1 5 69 357 914 2037 -1 -1 -1 358 -1 -1 -1 -1 
1 5 69 357 913 2036 -1 -1 914 2037 -1 -1 -1 358 -1 -1 -1 -1 
1 5 47 -1 69 357 913 2036 -1 -1 914 2037 -1 -1 -1 358 -1 -1 -1 -1 
1 5 69 357 911 2034 -1 -1 914 2037 -1 -1 -1 358 -1 -1 -1 -1 
1 5 69 357 911 2034 -1 -1 913 2036 -1 -1 914 2037 -1 -1 -1 358 -1 -1 -1 -1 
1 5 47 -1 69 357 911 2034 -1 -1 913 2036 -1 -1 914 2037 -1 -1 -1 358 -1 -1 -1 -1 
1 5 69 357 909 2032 -1 -1 913 2036 -1 -1 914 2037 -1 -1 -1 358 -1 -1 -1 -1 
1 5 69 357 909 2032 -1 -1 910 2033 -1 -1 913 2036 -1 -1 914 2037 -1 -1 -1 358 -1 -1 -1 -1 
1 5 69 357 910 2033 2034 -1 -1 -1 -1 358 -1 -1 -1 -1 
1 5 69 357 910 2033 2034 -1 -1 -1 913 2036 -1 -1 -1 358 -1 -1 -1 -1 
1 5 69 357 910 2033 2034 -1 -1 -1 911 -1 -1 358 -1 -1 -1 -1 
1 5 69 357 909 2032 -1 -1 910 2033 2034 -1 -1 -1 -1 358 -1 -1 -1 -1 
1 5 69 357 909 2032 -1 -1 910 2033 2034 -1 -1 -1 913 2036 -1 -1 -1 358 -1 -1 -1 -1 
1 5 69 357 909 2032 -1 -1 910 2033 2034 -1 -1 -1 911 -1 -1 358 -1 -1 -1 -1 
1 5 357 910 -1 -1 358 -1 -1 -1 
1 5 357 910 -1 913 -1 2036 -1 -1 358 -1 -1 -1 
1 5 357 910 -1 911 -1 -1 358 -1 -1 -1 
1 5 357 910 -1 911 -1 913 -1 2036 -1 -1 358 -1 -1 -1 
1 5 69 -1 357 910 -1 2033 -1 -1 358 -1 -1 -1 
1 5 69 -1 357 910 -1 913 -1 2033 -1 2036 -1 -1 358 -1 -1 -1 
1 5 69 -1 357 910 -1 911 -1 2033 -1 -1 358 -1 -1 -1 
1 5 69 -1 357 910 -1 911 -1 913 -1 2033 -1 2036 -1 -1 358 -1 -1 -1 
1 5 69 357 912 -1 -1 358 -1 -1 -1 -1 
1 5 69 357 912 -1 -1 358 -1 -1 71 -1 -1 -1 
1 5 69 357 912 -1 913 2036 -1 -1 -1 358 -1 -1 -1 -1 
1 5 69 357 909 2032 -1 -1 912 -1 913 2036 -1 -1 -1 358 -1 -1 -1 -1 
1 5 69 357 909 2032 -1 -1 910 2033 -1 -1 912 -1 913 2036 -1 -1 -1 358 -1 -1 -1 -1 
1 5 69 357 912 -1 913 2036 -1 -1 914 2037 -1 -1 -1 358 -1 -1 -1 -1 
1 5 69 357 909 2032 -1 -1 912 -1 913 2036 -1 -1 914 2037 -1 -1 -1 358 -1 -1 -1 -1 
1 5 69 357 909 2032 -1 -1 910 2033 -1 -1 912 -1 913 2036 -1 -1 914 2037 -1 -1 -1 358 -1 -1 -1 -1 
1 5 -1 6 7 -1 -1 -1 
1 5 47 -1 -1 6 7 -1 -1 -1 
1 5 -1 6 47 -1 -1 -1 
1 5 47 -1 -1 6 47 -1 -1 -1 
1 5 8 -1 -1 -1 
1 3 -1 5 8 -1 -1 -1 
1 5 -1 6 536 541 -1 -1 -1 -1 
1 5 47 -1 -1 6 536 541 -1 -1 -1 -1 
1 3 -1 5 -1 6 536 541 -1 -1 -1 -1 
1 5 -1 357 -1 -1 
1 5 -1 6 -1 357 -1 -1 
1 5 69 -1 -1 357 -1 -1 
1 5 69 -1 357 909 -1 -1 358 -1 -1 -1 
1 5 69 -1 357 909 -1 911 -1 -1 358 -1 -1 -1 
1 5 69 -1 357 909 -1 911 -1 913 -1 2036 -1 -1 358 -1 -1 -1 
1 5 69 -1 357 909 -1 910 -1 911 -1 2033 -1 -1 358 -1 -1 -1 
1 5 69 -1 357 909 -1 910 -1 911 -1 913 -1 2033 -1 2036 -1 -1 358 -1 -1 -1 
1 5 357 911 -1 2034 -1 -1 358 -1 -1 -1 
1 5 69 -1 357 911 -1 2034 -1 -1 358 -1 -1 -1 
1 5 357 911 -1 913 -1 2034 -1 2036 -1 -1 358 -1 -1 -1 
1 5 69 -1 357 911 -1 913 -1 2034 -1 2036 -1 -1 358 -1 -1 -1 
1 5 357 910 -1 911 -1 2034 -1 -1 358 -1 -1 -1 
1 5 357 910 -1 911 -1 913 -1 2034 -1 2036 -1 -1 358 -1 -1 -1 
1 5 69 -1 357 910 -1 911 -1 2033 -1 2034 -1 -1 358 -1 -1 -1 
1 5 69 -1 357 910 -1 911 -1 913 -1 2033 -1 2034 -1 2036 -1 -1 358 -1 -1 -1 
1 5 69 -1 357 909 -1 911 -1 2034 -1 -1 358 -1 -1 -1 
1 5 6 74 -1 -1 -1 -1 
1 5 6 74 -1 -1 76 77 -1 -1 -1 -1 
1 3 55 -1 -1 5 -1 -1 
1 3 55 -1 62 -1 -1 5 47 -1 -1 -1 
1 5 -1 6 536 541 1333 -1 -1 -1 -1 -1 
1 5 47 -1 -1 6 536 541 1333 -1 -1 -1 -1 -1 
1 5 76 -1 78 -1 80 -1 -1 -1 
1 5 71 -1 76 -1 78 -1 80 -1 -1 -1 
1 5 -1 6 86 -1 -1 -1 
1 5 -1 6 85 -1 86 -1 -1 -1 
1 3 62 345 -1 -1 -1 5 47 -1 -1 -1 
1 3 55 -1 62 345 -1 -1 -1 5 47 -1 -1 -1 
1 3 55 -1 62 345 -1 -1 -1 5 47 75 -1 -1 -1 -1 
1 5 69 357 918 2041 -1 -1 -1 358 -1 -1 -1 -1 
1 5 47 -1 69 357 918 2041 -1 -1 -1 358 -1 -1 -1 -1 
1 5 69 357 913 2036 -1 -1 918 2041 -1 -1 -1 358 -1 -1 -1 -1 
1 5 47 -1 69 357 913 2036 -1 -1 918 2041 -1 -1 -1 358 -1 -1 -1 -1 
1 5 69 357 911 -1 918 2041 -1 -1 -1 358 -1 -1 -1 -1 
1 5 69 357 911 -1 913 2036 -1 -1 918 2041 -1 -1 -1 358 -1 -1 -1 -1 
1 5 69 357 911 2034 -1 -1 918 2041 -1 -1 -1 358 -1 -1 -1 -1 
1 5 69 357 910 2033 -1 -1 913 2036 -1 -1 918 2041 -1 -1 -1 358 -1 -1 -1 -1 
1 5 69 357 914 2037 -1 -1 918 2041 -1 -1 -1 358 -1 -1 -1 -1 
1 5 7 100 -1 -1 -1 -1 
1 3 229 -1 -1 5 -1 -1 
1 3 5 -1 229 -1 -1 5 -1 -1 
1 3 62 -1 229 -1 -1 5 47 -1 -1 -1 
1 5 69 357 912 2035 -1 -1 -1 358 -1 -1 -1 -1 
1 5 69 357 912 2035 -1 -1 913 2036 -1 -1 -1 358 -1 -1 -1 -1 
1 5 69 357 909 2032 -1 -1 912 2035 -1 -1 913 2036 -1 -1 -1 358 -1 -1 -1 -1 
1 5 69 357 909 2032 -1 -1 911 -1 912 2035 -1 -1 913 2036 -1 -1 -1 358 -1 -1 -1 -1 
1 5 47 -1 69 357 909 2032 -1 -1 910 2033 -1 -1 912 2035 -1 -1 913 2036 -1 -1 -1 358 -1 -1 -1 -1 
1 5 47 -1 69 357 909 2032 -1 -1 910 2033 -1 -1 911 -1 912 2035 -1 -1 913 2036 -1 -1 -1 358 -1 -1 -1 -1 
1 5 69 357 912 2035 -1 -1 913 2036 -1 -1 914 2037 -1 -1 -1 358 -1 -1 -1 -1 
1 5 69 357 909 2032 -1 -1 912 2035 -1 -1 913 2036 -1 -1 914 2037 -1 -1 -1 358 -1 -1 -1 -1 
1 5 69 357 909 2032 -1 -1 911 2034 -1 -1 912 2035 -1 -1 913 2036 -1 -1 914 2037 -1 -1 -1 358 -1 -1 -1 -1 
1 5 357 2032 -1 -1 358 -1 -1 -1 
1 5 357 911 -1 2032 -1 -1 358 -1 -1 -1 
1 5 357 911 -1 913 -1 2032 -1 2036 -1 -1 358 -1 -1 -1 
1 5 357 910 -1 911 -1 2032 -1 -1 358 -1 -1 -1 
1 5 357 910 -1 911 -1 913 -1 2032 -1 2036 -1 -1 358 -1 -1 -1 
1 5 69 -1 357 909 -1 2032 -1 -1 358 -1 -1 -1 
1 5 69 -1 357 909 -1 911 -1 2032 -1 -1 358 -1 -1 -1 
1 5 69 -1 357 909 -1 911 -1 913 -1 2032 -1 2036 -1 -1 358 -1 -1 -1 
1 5 69 -1 357 909 -1 910 -1 911 -1 2032 -1 2033 -1 -1 358 -1 -1 -1 
1 5 82 -1 -1 -1 
1 5 71 -1 76 77 -1 -1 82 -1 -1 -1 
1 5 70 -1 71 -1 76 77 -1 -1 78 -1 80 -1 82 -1 -1 -1 
1 5 -1 6 544 -1 -1 -1 
1 5 6 -1 -1 6 544 -1 -1 -1 
1 5 -1 6 536 -1 544 -1 -1 -1 
1 5 -1 6 74 510 -1 -1 -1 -1 
1 5 47 -1 -1 6 74 510 -1 -1 -1 -1 
1 5 47 75 -1 -1 -1 6 74 510 -1 -1 -1 -1 
1 5 11 125 -1 -1 -1 -1 
1 5 -1 6 536 541 1333 2715 -1 -1 -1 -1 -1 -1 
1 5 47 -1 -1 6 536 541 1333 2715 -1 -1 -1 -1 -1 -1 
1 5 -1 6 86 368 -1 -1 -1 -1 
1 5 -1 6 86 368 921 -1 -1 -1 -1 -1 
1 5 -1 6 85 -1 86 368 921 -1 -1 -1 -1 -1 
1 5 -1 6 86 367 -1 368 -1 -1 -1 -1 
1 5 -1 6 86 367 -1 368 921 -1 -1 -1 -1 -1 
1 5 6 85 -1 -1 -1 -1 
1 5 -1 6 536 541 1333 2711 -1 2712 -1 2713 -1 -1 -1 -1 -1 -1 
1 5 47 -1 -1 6 536 541 1333 2711 -1 2712 -1 2713 -1 -1 -1 -1 -1 -1 
1 5 -1 6 536 541 1333 2711 -1 2712 -1 2713 -1 2715 -1 -1 -1 -1 -1 -1 
1 2 -1 5 -1 -1 
1 5 69 357 913 2036 -1 -1 915 2038 -1 -1 -1 358 -1 -1 -1 -1 
1 5 69 357 910 2033 -1 -1 913 2036 -1 -1 915 2038 -1 -1 -1 358 -1 -1 -1 -1 
1 5 47 -1 69 357 910 2033 -1 -1 913 2036 -1 -1 915 2038 -1 -1 -1 358 -1 -1 -1 -1 
1 5 69 357 909 2032 -1 -1 912 2035 -1 -1 913 2036 -1 -1 915 2038 -1 -1 -1 358 -1 -1 -1 -1 
1 5 69 357 909 2032 -1 -1 911 -1 912 2035 -1 -1 913 2036 -1 -1 915 2038 -1 -1 -1 358 -1 -1 -1 -1 
1 5 47 -1 69 357 909 2032 -1 -1 910 2033 -1 -1 912 2035 -1 -1 913 2036 -1 -1 915 2038 -1 -1 -1 358 -1 -1 -1 -1 
1 3 178 -1 -1 5 -1 -1 
1 3 46 142 -1 -1 -1 5 -1 -1 
1 3 46 142 -1 -1 -1 5 47 -1 -1 -1 
1 3 57 -1 -1 5 -1 -1 
1 3 5 -1 57 -1 -1 5 -1 -1 
1 5 6 544 -1 -1 -1 -1 
1 5 11 125 1838 -1 -1 -1 -1 -1 
1 5 69 357 917 2040 -1 -1 -1 358 -1 -1 -1 -1 
1 5 69 357 909 2032 -1 -1 910 2033 -1 -1 913 2036 -1 -1 917 2040 -1 -1 -1 358 -1 -1 -1 -1 
1 5 69 -1 357 913 -1 917 -1 2036 -1 2040 -1 -1 358 -1 -1 -1 
1 5 69 -1 357 911 -1 913 -1 917 -1 2036 -1 2040 -1 -1 358 -1 -1 -1 
1 5 -1 6 504 -1 -1 -1 
1 5 47 -1 -1 6 504 -1 -1 -1 
1 5 -1 6 536 541 1333 2710 -1 2711 -1 2712 -1 2713 -1 -1 -1 -1 -1 -1 
1 5 -1 6 602 -1 -1 -1 
1 5 47 -1 -1 6 602 -1 -1 -1 
1 5 77 -1 -1 6 602 -1 -1 -1 
1 5 -1 8 114 -1 -1 -1 
1 5 -1 9 -1 -1 
1 5 6 -1 -1 53 544 -1 -1 -1 
1 5 -1 6 83 -1 84 -1 -1 -1 
1 5 47 -1 -1 6 83 -1 84 -1 -1 -1 
1 4 8872 -1 -1 5 -1 -1 
1 3 8 -1 -1 5 -1 -1 
1 3 7 -1 -1 5 -1 -1 
1 5 78 362 -1 -1 -1 -1 
1 5 357 913 -1 2036 -1 2037 -1 -1 358 -1 -1 -1 
1 5 357 911 -1 913 -1 2034 -1 2036 -1 2037 -1 -1 358 -1 -1 -1 
1 4 6 -1 -1 5 -1 -1 
1 5 79 -1 -1 -1 
1 5 76 -1 77 -1 78 -1 79 -1 -1 -1 
1 5 -1 6 504 -1 605 -1 -1 -1 
1 5 -1 6 497 -1 -1 -1 
1 5 -1 357 910 -1 -1 -1 
1 2 5 -1 -1 5 -1 -1 
1 2 5 -1 -1 5 -1 8 -1 -1 
1 2 5 -1 -1 5 -1 6 -1 7 -1 8 -1 357 -1 -1 
1 5 -1 6 510 -1 536 -1 -1 -1 
1 5 -1 6 524 -1 -1 -1 
1 4 5 -1 -1 5 -1 -1 
1 5 74 919 -1 -1 -1 -1 
1 5 11 124 -1 -1 -1 -1 
1 3 192 -1 -1 5 -1 -1 
1 3 178 -1 192 -1 229 -1 -1 5 -1 -1 
1 5 7 105 -1 -1 -1 -1 
1 3 -1 5 6 333 842 -1 -1 544 -1 568 569 -1 -1 -1 -1 -1 
1 5 -1 6 87 -1 -1 -1 
1 3 193 -1 -1 5 -1 -1 
1 5 -1 6 536 541 1333 2709 -1 2710 -1 2711 -1 2712 -1 2713 -1 2714 -1 2715 -1 -1 -1 -1 -1 -1 
1 5 -1 7 -1 10 -1 -1 
1 3 57 -1 62 345 -1 346 -1 -1 -1 5 47 -1 -1 -1 
1 3 58 -1 -1 5 -1 -1 
1 3 6 -1 47 -1 -1 5 -1 -1 
1 5 -1 6 562 -1 -1 -1 
1 5 -1 6 568 -1 -1 -1 
1 47 -1 -1 
1 -1 
1 5 -1 7 100 -1 -1 -1 
1 -1 
1 5 74 545 -1 -1 -1 -1 
1 5 74 602 -1 -1 -1 -1 
1 5 11 130 -1 -1 -1 -1 
1 5 7 100 -1 626 -1 -1 -1 -1 
1 5 69 357 909 2032 -1 -1 910 2033 -1 -1 912 -1 913 2036 -1 -1 916 -1 -1 358 -1 -1 -1 -1 
1 5 77 -1 78 360 -1 362 -1 363 -1 -1 -1 -1 
1 5 76 -1 81 -1 -1 -1 
1 5 6 536 -1 -1 -1 -1 
1 5 69 -1 357 913 -1 914 -1 2036 -1 2037 -1 -1 358 -1 -1 -1 
1 5 -1 8 116 -1 -1 -1 
1 3 55 -1 62 345 -1 1219 -1 -1 -1 5 6 333 842 -1 -1 544 -1 568 569 -1 -1 -1 11 -1 47 75 -1 -1 73 -1 -1 -1 
1 3 55 -1 62 345 -1 1219 -1 -1 -1 5 6 333 842 -1 -1 544 -1 568 569 -1 -1 -1 11 -1 47 75 -1 -1 73 -1 -1 53 544 -1 -1 -1 
1 5 6 504 -1 -1 -1 -1 
1 5 -1 8 117 -1 -1 -1 
1 5 6 83 -1 -1 -1 -1 
1 5 6 74 545 -1 568 -1 -1 -1 -1 -1 
1 5 6 74 544 -1 -1 -1 -1 -1 
1 5 -1 6 83 494 -1 -1 -1 -1 
1 4 9555 -1 9556 -1 -1 5 -1 -1 
1 4 5 -1 68 -1 8872 -1 -1 5 70 -1 71 -1 76 77 -1 -1 78 -1 80 -1 82 -1 -1 -1 
1 4 6 74 -1 -1 -1 5 -1 -1 
